600552
202127
552836
796582
871729
654935
756618
288619
312250
294787
438065
786928
844091
823771
241551
400113
664524
297965
693721
264425
192480
871674
392874
652398
333414
530678
223516
105044
558450
971285
119095
133820
855960
743948
495823
572619
815667
432942
859537
513664
144316
408082
677568
382524
114832
787181
352989
319782
209996
747297
592720
470552
651150
215737
372972
623050
902614
242999
819819
955665
765320
277784
623457
682129
963660
571236
439066
530697
516574
868090
574937
232898
681538
619497
999235
782427
843262
356636
513834
261745
621350
176912
560047
603828
408615
352122
665173
760871
607566
996218
171333
655495
486190
448119
503948
540158
705068
144853
697079
953183
